10 -> 0	0
110 -> 0	0
210 -> 1	0
310 -> 2	1
410 -> 1	1
510 -> 0	1
610 -> 4	1
710 -> 2	2
810 -> 0	2
910 -> 5	3
1010 -> 4	4
1110 -> 5	5
1210 -> 11	7
1310 -> 7	7
1410 -> 0	14
1510 -> 0	10
1610 -> 14	10
1710 -> 13	11
1810 -> 11	12
1910 -> 11	12
2010 -> 10	20
2110 -> 15	15
2210 -> 15	16
2310 -> 13	22
2410 -> 15	20
2510 -> 15	21
2610 -> 14	25
2710 -> 19	24
2810 -> 20	25
2910 -> 19	27
3010 -> 22	29
3110 -> 26	33
3210 -> 23	34
3310 -> 21	36
3410 -> 37	40
3510 -> 27	43
3610 -> 35	41
3710 -> 0	63
3810 -> 30	51
3910 -> 0	56
4010 -> 36	61
4110 -> 33	64
4210 -> 0	63
4310 -> 42	67
4410 -> 51	80
4510 -> 51	81
4610 -> 37	69
4710 -> 44	77
4810 -> 45	86
4910 -> 38	94
5010 -> 53	82
5110 -> 39	89
5210 -> 45	98
5310 -> 63	94
5410 -> 51	100
5510 -> 45	99
5610 -> 59	117
5710 -> 44	109
5810 -> 49	142
5910 -> 55	121
6010 -> 0	118
6110 -> 77	165
6210 -> 57	143
6310 -> 63	146
6410 -> 81	146
6510 -> 69	147
6610 -> 79	156
6710 -> 61	166
6810 -> 83	170
6910 -> 73	153
7010 -> 81	188
7110 -> 98	179
7210 -> 0	175
7310 -> 86	180
7410 -> 0	191
7510 -> 100	191
7610 -> 75	224
7710 -> 103	208
7810 -> 96	213
7910 -> 119	236
8010 -> 0	269
8110 -> 0	218
8210 -> 134	259
8310 -> 97	238
8410 -> 110	244
8510 -> 115	239
8610 -> 133	268
8710 -> 125	264
8810 -> 96	277
8910 -> 89	271
9010 -> 154	284
9110 -> 120	297
9210 -> 126	306
9310 -> 115	313
9410 -> 141	306
9510 -> 142	325
9610 -> 114	332
9710 -> 0	315
9810 -> 0	325
9910 -> 162	360
