0.0001 -> 0	1398
0.0002 -> 0	1431
0.0003 -> 0	29
0.0004 -> 0	152
0.0005 -> 0	73
0.0006 -> 0	172
0.0007 -> 0	561
0.0008 -> 0	102
0.0009 -> 0	58
0.001 -> 0	18
0.0011 -> 0	48
0.0012 -> 0	10
0.0013 -> 1	46
0.0014 -> 0	14
0.0015 -> 1	21
0.0016 -> 1	1
0.0017 -> 0	10
0.0018 -> 1	36
0.0019 -> 0	1
0.002 -> 0	19
0.0021 -> 0	9
0.0022 -> 0	3
0.0023 -> 1	33
0.0024 -> 2	2
0.0025 -> 1	2
0.0026 -> 0	7
0.0027 -> 0	0
0.0028 -> 0	1
0.0029 -> 0	10
0.003 -> 0	2
0.0031 -> 1	3
0.0032 -> 0	21
0.0033 -> 0	3
0.0034 -> 0	1
0.0035 -> 0	1
0.0036 -> 0	10
0.0037 -> 1	6
0.0038 -> 0	4
0.0039 -> 1	1
0.004 -> 1	0
0.0041 -> 0	1
0.0042 -> 0	3
0.0043 -> 0	0
0.0044 -> 0	1
0.0045 -> 0	1
0.0046 -> 0	12
0.0047 -> 1	1
0.0048 -> 1	1
0.0049 -> 0	1
0.005 -> 1	0
0.0051 -> 1	0
0.0052 -> 0	0
0.0053 -> 1	2
0.0054 -> 0	1
0.0055 -> 1	2
0.0056 -> 1	0
0.0057 -> 0	3
0.0058 -> 0	1
0.0059 -> 0	0
0.006 -> 0	1
0.0061 -> 0	3
0.0062 -> 0	5
0.0063 -> 1	1
0.0064 -> 0	1
0.0065 -> 0	0
0.0066 -> 0	2
0.0067 -> 0	1
0.0068 -> 1	0
0.0069 -> 0	2
0.007 -> 1	2
0.0071 -> 0	1
0.0072 -> 0	0
0.0073 -> 0	0
0.0074 -> 0	1
0.0075 -> 0	1
0.0076 -> 0	0
0.0077 -> 1	0
0.0078 -> 0	1
0.0079 -> 0	1
0.008 -> 0	1
0.0081 -> 0	0
0.0082 -> 0	0
0.0083 -> 0	2
0.0084 -> 0	0
0.0085 -> 0	1
0.0086 -> 0	0
0.0087 -> 0	1
0.0088 -> 0	1
0.0089 -> 0	0
0.009 -> 0	1
0.0091 -> 0	0
0.0092 -> 0	0
0.0093 -> 0	3
0.0094 -> 1	0
0.0095 -> 0	0
0.0096 -> 0	0
0.0097 -> 0	1
0.0098 -> 0	1
0.0099 -> 0	0
0.01 -> 0	0
