1 -> 0	0
101 -> 0	5
201 -> 0	10
301 -> 2	13
401 -> 1	20
501 -> 2	23
601 -> 2	27
701 -> 3	41
801 -> 3	74
901 -> 10	53
1001 -> 5	51
1101 -> 6	68
1201 -> 8	65
1301 -> 10	59
1401 -> 7	70
1501 -> 10	68
1601 -> 8	73
1701 -> 8	76
1801 -> 9	87
1901 -> 10	85
2001 -> 0	85
2101 -> 14	115
2201 -> 14	95
2301 -> 18	116
2401 -> 18	128
2501 -> 16	113
2601 -> 16	119
2701 -> 20	112
2801 -> 0	112
2901 -> 24	153
3001 -> 21	126
3101 -> 19	133
3201 -> 24	148
3301 -> 19	148
3401 -> 26	142
3501 -> 29	181
3601 -> 29	173
3701 -> 0	180
3801 -> 40	209
3901 -> 26	166
4001 -> 27	167
4101 -> 37	168
4201 -> 30	184
4301 -> 40	214
4401 -> 41	198
4501 -> 0	211
4601 -> 50	233
4701 -> 43	231
4801 -> 38	210
4901 -> 45	234
5001 -> 46	232
5101 -> 52	243
5201 -> 112	497
5301 -> 60	242
5401 -> 51	255
5501 -> 50	246
5601 -> 0	237
5701 -> 50	268
5801 -> 52	262
5901 -> 78	293
6001 -> 0	275
6101 -> 114	348
6201 -> 48	238
6301 -> 0	297
6401 -> 77	289
6501 -> 70	272
6601 -> 76	308
6701 -> 89	291
6801 -> 80	294
6901 -> 84	304
7001 -> 109	292
7101 -> 88	299
7201 -> 0	287
7301 -> 93	303
7401 -> 87	287
7501 -> 94	321
7601 -> 70	276
7701 -> 93	305
7801 -> 0	306
7901 -> 86	312
8001 -> 71	302
8101 -> 97	302
8201 -> 113	364
8301 -> 85	298
8401 -> 106	314
8501 -> 83	297
8601 -> 107	325
8701 -> 100	317
8801 -> 95	316
8901 -> 162	326
9001 -> 111	327
9101 -> 127	324
9201 -> 110	326
9301 -> 118	327
9401 -> 127	327
9501 -> 0	323
9601 -> 145	335
9701 -> 134	323
9801 -> 142	323
9901 -> 110	348
1 -> 0	0
101 -> 0	5
201 -> 2	9
301 -> 2	14
401 -> 2	22
501 -> 3	22
601 -> 2	27
701 -> 4	36
801 -> 4	35
901 -> 4	44
1001 -> 5	51
1101 -> 6	87
1201 -> 6	61
1 -> 0	0
101 -> 2	26
201 -> 0	50
301 -> 0	75
401 -> 8	107
501 -> 17	304
601 -> 18	166
701 -> 0	212
801 -> 27	194
901 -> 23	210
