1 -> 0	0
101 -> 0	0
201 -> 0	0
301 -> 0	1
401 -> 0	1
501 -> 0	1
601 -> 0	2
701 -> 0	2
801 -> 0	3
901 -> 0	3
1001 -> 0	3
1101 -> 0	1
1201 -> 0	6
1301 -> 0	3
1401 -> 0	7
1501 -> 0	7
1601 -> 0	10
1701 -> 0	11
1801 -> 0	5
1901 -> 0	14
2001 -> 0	6
2101 -> 0	6
2201 -> 0	17
2301 -> 0	6
2401 -> 0	1
2501 -> 0	2
2601 -> 0	4
2701 -> 0	1
2801 -> 0	20
2901 -> 0	20
3001 -> 0	8
3101 -> 0	2
3201 -> 0	8
3301 -> 0	8
3401 -> 0	10
3501 -> 0	2
3601 -> 0	1
3701 -> 0	11
3801 -> 0	16
3901 -> 0	27
4001 -> 0	2
4101 -> 0	6
4201 -> 0	7
4301 -> 0	0
4401 -> 0	16
4501 -> 1	22
4601 -> 0	5
4701 -> 0	13
4801 -> 0	23
4901 -> 0	1
5001 -> 0	12
5101 -> 0	29
5201 -> 0	6
5301 -> 0	0
5401 -> 0	13
5501 -> 1	5
5601 -> 0	21
5701 -> 0	2
5801 -> 0	24
5901 -> 0	61
6001 -> 1	1
6101 -> 0	17
6201 -> 0	2
6301 -> 0	40
6401 -> 0	17
6501 -> 1	4
6601 -> 0	1
6701 -> 0	21
6801 -> 0	12
6901 -> 0	49
7001 -> 0	36
7101 -> 0	63
7201 -> 0	5
7301 -> 0	2
7401 -> 0	12
7501 -> 1	1
7601 -> 0	3
7701 -> 0	20
7801 -> 0	1
7901 -> 0	5
8001 -> 0	1
8101 -> 0	10
8201 -> 0	16
8301 -> 0	9
8401 -> 0	16
8501 -> 0	22
8601 -> 0	5
8701 -> 0	5
8801 -> 0	30
8901 -> 0	16
9001 -> 0	1
9101 -> 0	3
9201 -> 0	13
9301 -> 0	12
9401 -> 0	3
9501 -> 0	4
9601 -> 0	0
9701 -> 0	23
9801 -> 0	8
9901 -> 0	29
